0000000000000000000000000000000000000000000000000000000000000000000000
0000000000000000000000000000000000010100000000000000000000000000000000
0000000000000000000000000000000000010100000000000000000000000000000000
0000000000000000000000000000000000010100000000000000000000000000000000
0000000000000000000000000000000000010100000000000000000000000000000000
0000000000000000111111111111111100001000000000000000000000000000000000
0000000000000000111111111111111100001000000000000000000000000000000000
0000000000000000111111111111111100001100000000000000000000000000000000
0000000000000000111111111111111100001100000000000000000000000000000000
0000000000000000111111111111111100001100000000000000000000000000000000
0000000000000000111111111111111100001100000000000000000000000000000000
0000000000000000111111111111111100001100000000000000000000000000000000
0000000000000000111111111111111100001100000000000000000000000000000000
0000000000000000111111111111111100001100000000000000000000000000000000
0000000000000000111111111111111100001100000000000000000000000000000000
0000000000000000111111111111111100001100000000000000000000000000000000
0000000000000000111111111111111100001100000000000000000000000000000000
0000000000000000111111111111111100001100000000000000000000000000000000
0000000000000000111111111111111100001100000000000000000000000000000000
0000000000000000111111111111111100001100000000000000000000000000000000
0000000000000000000000000000000000000000000000000000000000000000000000
0000000000000000000000000000000000010100000000000000000000000000000000
0000000000000000000000000000000000010100000000000000000000000000000000
0000000000000000000000000000000000010100000000000000000000000000000000
0000000000000000000000000000000000010100000000000000000000000000000000
0000000000000000111111111111111100001000000000000000000000000000000000
0000000000000000111111111111111100001000000000000000000000000000000000
0000000000000000111111111111111100001100000000000000000000000000000000
0000000000000000111111111111111100001100000000000000000000000000000000
0000000000000000111111111111111100001100000000000000000000000000000000
0000000000000000111111111111111100001100000000000000000000000000000000
0000000000000000111111111111111100001100000000000000000000000000000000
0000000000000000111111111111111100001100000000000000000000000000000000
0000000000000000111111111111111100001100000000000000000000000000000000
0000000000000000111111111111111100001100000000000000000000000000000000
0000000000000000111111111111111100001100000000000000000000000000000000
0000000000000000111111111111111100001100000000000000000000000000000000
0000000000000000111111111111111100001100000000000000000000000000000000
0000000000000000111111111111111100001100000000000000000000000000000000
0000000000000000111111111111111100001100000000000000000000000000000000
0000000000000000111111111111111100001100000000000000000000000000000000
0000000000000000111111111111111100001100000000000000000000000000000000
0000000000000000111111111111111100001100000000000000000000000000000000
1100000000000000000000000000000001001000000000000000000000000000000000
1100000000000000000000000000000001001000000000000000000000000000000000
1100000000000000000000000000000001001100000000000000000000000000000000
1100000000000000000000000000000001001100000000000000000000000000000000
0011000000000000000000000000000001001000000000000000000000000000000000
0011000000000000000000000000000001001000000000000000000000000000000000
0011000000000000000000000000000001001100000000000000000000000000000000
0011000000000000000000000000000001001100000000000000000000000000000000
0011000000000000000000000000000001001100000000000000000000000000000000
0011000000000000000000000000000001001100000000000000000000000000000000
0011000000000000000000000000000001001100000000000000000000000000000000
0011000000000000000000000000000001001100000000000000000000000000000000
0011000000000000000000000000000001001100000000000000000000000000000000
0011000000000000000000000000000001001100000000000000000000000000000000
0011000000000000000000000000000001001100000000000000000000000000000000
0011000000000000000000000000000001001100000000000000000000000000000000
0011000000000000000000000000000001001100000000000000000000000000000000
0011000000000000000000000000000001001100000000000000000000000000000000
0011000000000000000000000000000001001100000000000000000000000000000000
0011000000000000000000000000000001001100000000000000000000000000000000
1100000000000000000000000000000010001000000000000000000000000000000000
1100000000000000000000000000000010001000000000000000000000000000000000
1100000000000000000000000000000010001100000000000000000000000000000000
1100000000000000000000000000000010001100000000000000000000000000000000
0011000000000000000000000000000010001000000000000000000000000000000000
0000000000000000000000000000000000000000000000000000000000000000000000
0000000000000000000000000000000000010100000000000000000000000000000000
0000000000000000000000000000000000010100000000000000000000000000000000
0000000000000000000000000000000000010100000000000000000000000000000000
0000000000000000000000000000000000010100000000000000000000000000000000
0000000000000000111111111111111100001000000000000000000000000000000000
0000000000000000111111111111111100001000000000000000000000000000000000
0000000000000000111111111111111100001100000000000000000000000000000000
0000000000000000111111111111111100001100000000000000000000000000000000
0000000000000000111111111111111100001100000000000000000000000000000000
0000000000000000111111111111111100001100000000000000000000000000000000
0000000000000000111111111111111100001100000000000000000000000000000000
0000000000000000111111111111111100001100000000000000000000000000000000
0000000000000000111111111111111100001100000000000000000000000000000000
0000000000000000111111111111111100001100000000000000000000000000000000
0000000000000000111111111111111100001100000000000000000000000000000000
0000000000000000111111111111111100001100000000000000000000000000000000
0000000000000000111111111111111100001100000000000000000000000000000000
0000000000000000111111111111111100001100000000000000000000000000000000
0000000000000000111111111111111100001100000000000000000000000000000000
0000000000000000111111111111111100001100000000000000000000000000000000
0000000000000000111111111111111100001100000000000000000000000000000000
0000000000000000111111111111111100001100000000000000000000000000000000
1100000000000000000000000000000001001000000000000000000000000000000000
1100000000000000000000000000000001001000000000000000000000000000000000
1100000000000000000000000000000001001100000000000000000000000000000000
1100000000000000000000000000000001001100000000000000000000000000000000
0011000000000000000000000000000001001000000000000000000000000000000000
0011000000000000000000000000000001001000000000000000000000000000000000
0011000000000000000000000000000001001100000000000000000000000000000000
0000000000000000000000000000000000000000000000000000000000000000000000
0000000000000000000000000000000000010100000000000000000000000000000000
0000000000000000000000000000000000010100000000000000000000000000000000
0000000000000000000000000000000000010100000000000000000000000000000000
0000000000000000000000000000000000010100000000000000000000000000000000
0000000000000000111111111111111100001000000000000000000000000000000000
0000000000000000111111111111111100001000000000000000000000000000000000
0000000000000000111111111111111100001100000000000000000000000000000000
0000000000000000111111111111111100001100000000000000000000000000000000
0000000000000000111111111111111100001100000000000000000000000000000000
0000000000000000111111111111111100001100000000000000000000000000000000
0000000000000000111111111111111100001100000000000000000000000000000000
0000000000000000111111111111111100001100000000000000000000000000000000
0000000000000000111111111111111100001100000000000000000000000000000000
0000000000000000111111111111111100001100000000000000000000000000000000
0000000000000000111111111111111100001100000000000000000000000000000000
0000000000000000111111111111111100001100000000000000000000000000000000
0000000000000000111111111111111100001100000000000000000000000000000000
0000000000000000111111111111111100001100000000000000000000000000000000
0000000000000000111111111111111100001100000000000000000000000000000000
0000000000000000111111111111111100001100000000000000000000000000000000
0000000000000000111111111111111100001100000000000000000000000000000000
0000000000000000111111111111111100001100000000000000000000000000000000
1100000000000000000000000000000001001000000000000000000000000000000000
1100000000000000000000000000000001001000000000000000000000000000000000
1100000000000000000000000000000001001100000000000000000000000000000000
1100000000000000000000000000000001001100000000000000000000000000000000
0011000000000000000000000000000001001000000000000000000000000000000000
0011000000000000000000000000000001001000000000000000000000000000000000
0011000000000000000000000000000001001100000000000000000000000000000000
0000000000000000000000000000000000000000000000000000000000000000000000
0000000000000000000000000000000000010100000000000000000000000000000000
0000000000000000000000000000000000010100000000000000000000000000000000
0000000000000000000000000000000000010100000000000000000000000000000000
0000000000000000000000000000000000010100000000000000000000000000000000
0000000000000000111111111111111100001000000000000000000000000000000000
0000000000000000111111111111111100001000000000000000000000000000000000
0000000000000000111111111111111100001100000000000000000000000000000000
0000000000000000111111111111111100001100000000000000000000000000000000
0000000000000000111111111111111100001100000000000000000000000000000000
0000000000000000111111111111111100001100000000000000000000000000000000
0000000000000000000000000000000000000000000000000000000000000000000000
0000000000000000000000000000000000010100000000000000000000000000000000
0000000000000000000000000000000000010100000000000000000000000000000000
0000000000000000000000000000000000010100000000000000000000000000000000
0000000000000000000000000000000000010100000000000000000000000000000000
0000000000000000111111111111111100001000000000000000000000000000000000
0000000000000000111111111111111100001000000000000000000000000000000000
0000000000000000111111111111111100001100000000000000000000000000000000
0000000000000000111111111111111100001100000000000000000000000000000000
0000000000000000111111111111111100001100000000000000000000000000000000
0000000000000000111111111111111100001100000000000000000000000000000000
0000000000000000111111111111111100001100000000000000000000000000000000
0000000000000000111111111111111100001100000000000000000000000000000000
0000000000000000111111111111111100001100000000000000000000000000000000
0000000000000000000000000000000000010100000000000000000000000000000000
0000000000000000000000000000000000010100000000000000000000000000000000
0000000000000000000000000000000000010100000000000000000000000000000000
0000000000000000000000000000000000010100000000000000000000000000000000
0000000000000000111111111111111100001000000000000000000000000000000000
0000000000000000111111111111111100001000000000000000000000000000000000
0000000000000000111111111111111100001100000000000000000000000000000000
0000000000000000111111111111111100001100000000000000000000000000000000
0000000000000000111111111111111100001100000000000000000000000000000000
0000000000000000111111111111111100001100000000000000000000000000000000
0000000000000000111111111111111100001100000000000000000000000000000000
0000000000000000111111111111111100001100000000000000000000000000000000
0000000000000000111111111111111100001100000000000000000000000000000000
0000000000000000111111111111111100001100000000000000000000000000000000
0000000000000000111111111111111100001100000000000000000000000000000000
0000000000000000111111111111111100001100000000000000000000000000000000
0000000000000000111111111111111100001100000000000000000000000000000000
0000000000000000111111111111111100001100000000000000000000000000000000
0000000000000000111111111111111100001100000000000000000000000000000000
0000000000000000111111111111111100001100000000000000000000000000000000
0000000000000000111111111111111100001100000000000000000000000000000000
0000000000000000111111111111111100001100000000000000000000000000000000
1100000000000000000000000000000001001000000000000000000000000000000000
1100000000000000000000000000000001001000000000000000000000000000000000
1100000000000000000000000000000001001100000000000000000000000000000000
1100000000000000000000000000000001001100000000000000000000000000000000
0011000000000000000000000000000001001000000000000000000000000000000000
0011000000000000000000000000000001001000000000000000000000000000000000
0011000000000000000000000000000001001100000000000000000000000000000000
0011000000000000000000000000000001001100000000000000000000000000000000
