0000000000000000000011
0000000000000000000011
0000000000000000000011
0000000000000000000011
0000000000000000000011
0000000000000000000011
0000000000000000000011
0000000000000000000011
0000000000000000000011
0000000000000000000011
0000000000000000000011
0000000000000000000011
0000000000000000000011
0000000000000000000011
0000000000000000000011
0000000000000000000011
0000000000000000000011
0000000000000000000011
0000000000000000000011
0000000000000000000011
0000000000000000000011
0000000000000000000011
0000000000000000000011
0000000000000000000011
0000000000000000000011
0000000000000000000011
0000000000000000000011
0000000000000000000011
0000000000000000000011
0000000000000000000011
0000000000000000000011
0000000000000000000011
0000000000000000000011
0000000000000000000011
0000000000000000000011
0000000000000000000011
0000000000000000000011
0000000000000000000011
0000000000000000000011
0000000000000000000011
0000000000000000000011
0000000000000000000011
0000000000000000000011
0000000000000000000011
1001101101101101011101
1001101101101101011101
0000000000000000000011
0000000000000000000011
1001101101101101111101
1001101101101101111101
0000000000000000000011
0000000000000000000011
1001101101101110011101
1001101101101110011101
0000000000000000000011
0000000000000000000011
1001101101101110111101
1001101101101110111101
0000000000000000000011
0000000000000000000011
1001101101101111011101
0000000000000000000011
0000000000000000000011
0000000000000000000011
1001101101101101011101
1001101101101101011101
0000000000000000000011
0000000000000000000011
1001101101101101111101
1001101101101101111101
0000000000000000000011
0000000000000000000011
1001101101101110011101
1001101101101110011101
0000000000000000000011
0000000000000000000011
1001101101101110111101
1001101101101110111101
0000000000000000000011
0000000000000000000011
1001101101101111011101
1001101101101111011101
0000000000000000000011
0000000000000000000011
1001101101101111111101
1001101101101111111101
0000000000000000000011
0000000000000000000011
1001101101110000011101
